protein_ID	D_3_logFC_23	D_5_logFC_23	D_7_logFC_23	D_9_logFC_23	D_11_logFC_23	D_13_logFC_23	D_3_ChiSq.pval_23	D_5_ChiSq.pval_23	D_7_ChiSq.pval_23	D_9_ChiSq.pval_23	D_11_ChiSq.pval_23	D_13_ChiSq.pval_23	D_3_adj.ChiSq.pval_23	D_5_adj.ChiSq.pval_23	D_7_adj.ChiSq.pval_23	D_9_adj.ChiSq.pval_23	D_11_adj.ChiSq.pval_23	D_13_adj.ChiSq.pval_23	gene	type
CHOYP_ABCE1.1.2.m.7437	0.460546288689425	-0.0569717442464137	-0.0219395472725861	0.153598461729993	-1.75444146039961	-0.348438579128946	0.144587775215641	0.843034744627474	0.938477920735402	0.628085679538005	0.00123465863496829	0.399430031995425	0.972056752910786	0.971021389430923	0.997624329922123	0.940454783919857	0.083187655569175	0.915324501700265	ABCE1	protein
CHOYP_ACAA2.1.1.m.30666	-0.212163855387766	-0.194841829655156	-0.269559613716416	0.0242357180551078	-1.70381538732964	-1.08651779360586	0.432820878870777	0.462082950774286	0.295700116801519	0.931769981738471	0.000401877183117437	0.0111182187391597	0.972056752910786	0.971021389430923	0.997624329922123	0.966894670166965	0.0365001895533074	0.915324501700265	THIM	protein
CHOYP_ACT.23.27.m.58454	-0.176478465865242	0.118235925276587	-0.186570249045385	-0.0175076245436445	0.00761511472943077	-0.255138958501329	0.243048879452852	0.446131185270201	0.263156664822778	0.923762209735614	0.970301852490544	0.192882082092677	0.972056752910786	0.971021389430923	0.997624329922123	0.966894670166965	0.981635990422128	0.915324501700265	ACT.23.27.m.58454	protein
CHOYP_ACT.4.27.m.14034	0.331544233505503	0.292470345545228	-0.233976258935944	0.730983555736252	0.846381695230842	0.566642414133202	0.0928257376792902	0.13871777386551	0.197928294526969	0.000192424779385159	4.17997252504808e-05	0.00261240646039895	0.972056752910786	0.971021389430923	0.997624329922123	0.121671668195847	0.00701211717467249	0.397666316749618	ACTC	protein
CHOYP_ACT.5.27.m.15585	-0.0816733404681553	0.115354314011345	-0.0335678760894407	0.139240617565804	-0.270772099996478	-1.08716401759915	0.290353196888565	0.141931339119031	0.664354456250436	0.110948474077889	0.0168552065103319	1.62958604984906e-20	0.972056752910786	0.971021389430923	0.997624329922123	0.940454783919857	0.449355839051313	1.33951973297593e-16	ACT.5.27.m.15585	protein
CHOYP_ACT1.4.7.m.29125	0.188783988970957	0.258804123659353	-0.258978744573435	0.527705696953955	1.13935760009696	0.634283429439217	0.154600651369682	0.0502373417125292	0.0402650211814723	2.8013781884127e-05	1.60807755838001e-17	5.67073742288986e-07	0.972056752910786	0.971021389430923	0.997624329922123	0.0230273287087524	1.32183975298837e-13	0.000466134616161546	ACT1	protein
CHOYP_ACTC.3.6.m.21571	0.0978524312564328	0.242060859824778	-0.226098613232022	0.355319595374091	0.705575548808064	0.402229391855991	0.45089003931211	0.0610163692726224	0.0668809986493772	0.00478170745409313	5.74162210156545e-07	0.00307975756471171	0.972056752910786	0.971021389430923	0.997624329922123	0.940454783919857	0.000188753210360534	0.45206441396304	ACT.3.6.m.21571	protein
CHOYP_AKD1.2.3.m.49697	-1.51930473327752	-0.731142211676723	0.0674753735611544	0.875115656807536	-0.118852886608481	-0.768341833579606	2.91392117370192e-05	0.153451319886851	0.872632702726908	0.0870185076770601	0.903116059252151	0.35600602818254	0.00647363028319724	0.971021389430923	0.997624329922123	0.940454783919857	0.926099551778029	0.915324501700265	KAD9.2.3.m.49697	protein
CHOYP_AKD1.3.3.m.63103	-1.51930473327752	-0.741195876340647	0.0626583572633779	0.78705948014234	-0.118852886608481	-0.687421838196039	2.91392117370192e-05	0.131435057663332	0.876757635270207	0.0927197816267609	0.903116059252151	0.360661967729892	0.00647363028319724	0.971021389430923	0.997624329922123	0.940454783919857	0.926099551778029	0.915324501700265	KAD9.3.3.m.63103	protein
CHOYP_ALF.2.3.m.40474	0.225035293815235	0.0888791222170413	-0.121037089006329	0.0993588738319255	0.590927878231494	0.190191549125009	0.326612974397602	0.697616299076151	0.596964358428695	0.671959355507704	0.0275700916480746	0.462038347012524	0.972056752910786	0.971021389430923	0.997624329922123	0.940454783919857	0.605952281676933	0.915324501700265	ALF	protein
CHOYP_AT1A.1.1.m.18017	0.137437108970736	0.143326906239418	0.960845574904013	0.309925859771583	0.244345681150745	0.209963095321075	0.585396059908338	0.534674449451689	6.99915045948e-07	0.169285205812072	0.372302044710368	0.440946455661976	0.972056752910786	0.971021389430923	0.00143832541942314	0.940454783919857	0.775084662365426	0.915324501700265	AT1A	protein
CHOYP_ATP2B3.1.1.m.6573	0.115410802640737	0.728289406960574	3.94467428423287	0.912590362226199	1.29618461267036	1.69108978505769	0.921929974151965	0.576236691191092	7.35488358246425e-10	0.481088246119325	0.255214325612065	0.0793785373787107	0.972056752910786	0.971021389430923	6.04571430478561e-06	0.940454783919857	0.775084662365426	0.915324501700265	AT2B3	protein
CHOYP_BRAFLDRAFT_103544.1.1.m.38439	4.57484242127803	0.612812189540638	-0.315853265990352	-0.382865521299972	-1.13677479460574	-0.51054407611196	4.77560834803745e-06	0.096295909054663	0.257177557266457	0.228262675132524	0.018825619612054	0.184035060465726	0.00150982694695646	0.971021389430923	0.997624329922123	0.940454783919857	0.470354386659829	0.915324501700265	SVEP1	protein
CHOYP_BRAFLDRAFT_113849.1.1.m.53400	-0.0596759039173538	-0.104600607204168	0.446647420282992	-0.30464035399447	0.582488797827004	0.643784070279334	0.866780510028837	0.76242295428233	0.211957999469239	0.46069228291826	0.109088924780172	0.0788792746494263	0.972056752910786	0.971021389430923	0.997624329922123	0.940454783919857	0.775084662365426	0.915324501700265	RS17	protein
CHOYP_BRAFLDRAFT_115608.1.1.m.25984	0.0447562490769515	-0.165031490103866	-0.0903097075273323	-0.0874096377738001	-0.298558908843379	-0.574254781463304	0.720526448913256	0.191375863811937	0.454930868736196	0.503277397671946	0.0748807488847606	0.000586303712212946	0.972056752910786	0.971021389430923	0.997624329922123	0.940454783919857	0.775084662365426	0.133872680955289	IDHP	protein
CHOYP_BRAFLDRAFT_126603.1.1.m.31078	-0.934057873623563	-0.574902125345202	0.17208478033594	-0.257334639216113	-0.0257434822169995	-0.630838309829671	0.000387667039139553	0.0781241696961749	0.578347981648267	0.480465482673932	0.970529889800564	0.361497903764366	0.0540105603682563	0.971021389430923	0.997624329922123	0.940454783919857	0.981635990422128	0.915324501700265	ARMC4	protein
CHOYP_BRAFLDRAFT_129259.1.1.m.9267	0.412392540397868	-0.170172566577365	-0.0265913600233114	-0.120832639311251	-1.60427971377872	-0.129360794611596	0.0746893088880294	0.372350356389123	0.880684362089092	0.5326742885817	2.06388171908185e-05	0.623029599622057	0.972056752910786	0.971021389430923	0.997624329922123	0.940454783919857	0.00385570630246655	0.915324501700265	GLSN	protein
CHOYP_BRAFLDRAFT_129885.1.2.m.24564	-0.299626696638107	0.0729375783480197	-0.0934608446539045	-0.388579172494366	-2.08232701058337	-0.656833518362617	0.366184675453959	0.81894551439689	0.762611265753968	0.259618133506997	0.000785305191501861	0.196808522028204	0.972056752910786	0.971021389430923	0.997624329922123	0.940454783919857	0.0597704506865305	0.915324501700265	PDC6I	protein
CHOYP_BRAFLDRAFT_208436.4.32.m.22689	0.257429807513165	-0.0724017848160194	0.456736237906575	0.0825153636685112	0.144181519225312	0.871662030699512	0.485808568367538	0.837673627618621	0.185700516433107	0.8267016541238	0.724589416260435	0.0143089774788759	0.972056752910786	0.971021389430923	0.997624329922123	0.940454783919857	0.896867083510058	0.915324501700265	RS13	protein
CHOYP_BRAFLDRAFT_228853.1.1.m.9833	0.239146171062982	-0.188516657513027	-0.31078227644293	-0.303727544700564	-1.77910351463387	-0.408445888493223	0.326498989324444	0.457109400170295	0.22476482191284	0.24017014444859	0.00102070451354281	0.282330219730699	0.972056752910786	0.971021389430923	0.997624329922123	0.940454783919857	0.0711033144179821	0.915324501700265	EIF3D	protein
CHOYP_BRAFLDRAFT_264234.2.2.m.7063	0.23570503635845	-0.0010630030957568	0.0764641567884086	-0.61578861012859	-1.18924221449988	-1.07444496130529	0.571287922118881	0.998143076306871	0.865269586588016	0.208435443745747	0.0807177681090304	0.134116729952836	0.972056752910786	0.998264519679094	0.997624329922123	0.940454783919857	0.775084662365426	0.915324501700265	RS26	protein
CHOYP_BRAFLDRAFT_283789.1.1.m.40987	-0.497566074250015	-0.484704316373624	1.7285408533681	0.327627861505043	0.559219018504156	-0.0865177936058612	0.266425210269498	0.382994922871768	6.33327193959188e-07	0.519736894682316	0.354880498763191	0.899636414472397	0.972056752910786	0.971021389430923	0.00143832541942314	0.940454783919857	0.775084662365426	0.947471022032428	RPN1	protein
CHOYP_BRAFLDRAFT_86846.1.3.m.13594	-1.88458919735926	-0.856673093760582	-0.283431788297974	-0.300403361107999	1.29618461267036	1.91348220639414	6.20440885352759e-06	0.228136405601208	0.66151826185528	0.589803640972553	0.107596798793885	0.0388184782369059	0.00182143717057132	0.971021389430923	0.997624329922123	0.940454783919857	0.775084662365426	0.915324501700265	CRB	protein
CHOYP_CALM.44.50.m.56751	0.612910462111554	-0.0790655150970299	-0.553352579717008	0.00569976661768035	1.21818210066909	0.521164783615379	0.176889616113099	0.843780329966935	0.194120469438111	0.989491598823494	0.00818327150492415	0.290411346062241	0.972056752910786	0.971021389430923	0.997624329922123	0.995421900843463	0.292449683314674	0.915324501700265	CALM.44.50.m.56751	protein
CHOYP_CALM.50.50.m.67046	-0.299626696638107	0.728289406960574	0.328002923784373	-0.579262734103476	2.29618461267036	0.428055379223897	0.700043399880897	0.333020759145043	0.630973866827062	0.355825870441421	0.00013725127853885	0.622853598606701	0.972056752910786	0.971021389430923	0.997624329922123	0.940454783919857	0.0163508044868021	0.915324501700265	CALM.50.50.m.67046	protein
CHOYP_CALUB.1.2.m.57842	-0.16022363997269	0.0631565575554349	0.198719906839407	0.36944803719967	0.381914486696247	0.569099260679081	0.612173052319405	0.85267881756637	0.551388335131206	0.286168965572299	0.273729431241742	0.0945979988734688	0.972056752910786	0.971021389430923	0.997624329922123	0.940454783919857	0.775084662365426	0.915324501700265	CALUB	protein
CHOYP_CALX.1.1.m.12010	-0.5626611024719	0.628753733409659	1.17599983033932	0.858142578203823	2.61811270755773	1.45662453142067	0.330212159937893	0.453118262507721	0.0157231648300836	0.163889248584022	2.95294869567379e-08	0.00822489651379975	0.972056752910786	0.971021389430923	0.997624329922123	0.940454783919857	1.34851323769103e-05	0.855805687891569	CALX	protein
CHOYP_CNDP2.3.4.m.30467	0.208520207032219	0.223945366447702	-0.0118470791002512	0.273180077482666	0.280917856017052	0.458916342928657	0.367937861496936	0.298599159324674	0.958436996377713	0.231748867528948	0.273904956161167	0.0622818337530047	0.972056752910786	0.971021389430923	0.997624329922123	0.940454783919857	0.775084662365426	0.915324501700265	CNDP2	protein
CHOYP_contig_017941.m.21005	3.17430449169431	0.202220595292986	0.0491435507888962	-0.186945311324716	-1.20631572785882	-0.811410555471493	1.22601463574817e-05	0.62346732147131	0.889115804321775	0.648527291663369	0.169267442836852	0.230071429819389	0.0031493250955781	0.971021389430923	0.997624329922123	0.940454783919857	0.775084662365426	0.915324501700265	MLP	protein
CHOYP_contig_024424.m.27774	-1.17409581455425	-0.484704316373624	-0.256959576936783	-0.087409637773801	-0.703815387329638	1.10612728433654	0.000250004340063836	0.382994922871768	0.768348162442099	0.936761026791182	0.659436405735834	0.30364375112844	0.0373642850059043	0.971021389430923	0.997624329922123	0.966894670166965	0.877682521882862	0.915324501700265	TITIN.m.27774	protein
CHOYP_contig_043818.m.50622	-0.370016024529504	-0.0842346178712132	0.118185195218548	0.1206654807382	-0.709621009010843	-0.293480174372703	0.00542321520603265	0.544813212574596	0.405556178723381	0.400620275592981	0.000458014577516739	0.107015637721398	0.371490241613236	0.971021389430923	0.997624329922123	0.940454783919857	0.0400519130551872	0.915324501700265	CROCC	protein
CHOYP_COPG2.1.1.m.60836	0.346736348747193	-0.0903454399630332	-0.0771806747523414	0.0334447571005843	-1.30372822951677	-0.18058611796677	0.0893515409505369	0.660364071353547	0.699618834912176	0.8746454721807	0.000529328352534916	0.489685932199491	0.972056752910786	0.971021389430923	0.997624329922123	0.941908264289972	0.0439502935135052	0.915324501700265	COPG2	protein
CHOYP_DNAH5.2.2.m.61452	-0.804929748181612	-0.119707499594376	-0.113224099475334	0.186765325665193	-0.916809110663836	-0.790036904678925	4.83376805449597e-07	0.529715094633546	0.54160182195404	0.40719249844836	0.0518594934389921	0.0197258570820039	0.000233726902399746	0.971021389430923	0.997624329922123	0.940454783919857	0.753583352023161	0.915324501700265	DYH5	protein
CHOYP_DNAH6.2.3.m.21512	-1.35589491628485	-0.508749790340276	-0.524439887801769	-0.17487247902414	0.12625961122805	-0.308910214942309	8.83875169257989e-05	0.204089976818185	0.233184510001656	0.747675237257896	0.884166878738087	0.667861592215201	0.0151363622735431	0.971021389430923	0.997624329922123	0.940454783919857	0.910872508237508	0.915324501700265	DYH6	protein
CHOYP_DNAH7.2.2.m.46648	-1.06679252858001	-0.219243173145291	0.127381125119144	0.14929062024653	-0.218388560159395	-0.391372375134281	5.46627611430983e-06	0.424409753337949	0.630203233875593	0.641879355315501	0.730051373330785	0.355055605932447	0.00166417739480099	0.971021389430923	0.997624329922123	0.940454783919857	0.896867083510058	0.915324501700265	DYH7	protein
CHOYP_DSIM_GD13062.1.1.m.3175	0.267413896085788	0.143326906239418	0.175999830339323	-0.431364038991163	-1.87374038877195	0.176516612227933	0.567740919494622	0.785466924252796	0.722364599939921	0.390909202410081	0.0618044468512595	0.803789796230209	0.972056752910786	0.971021389430923	0.997624329922123	0.940454783919857	0.775084662365426	0.918369483840077	SH3BG	protein
CHOYP_DVIR_GJ23521.1.1.m.2757	0.515018261349976	1.00314924819116	-0.190962018162544	0.0645934556712495	0.66815339005732	-0.00934993308340193	0.0634485063940538	0.00307241352264605	0.535276826545983	0.856242764834309	0.087617444930974	0.983724764006786	0.972056752910786	0.971021389430923	0.997624329922123	0.940454783919857	0.775084662365426	0.989381813304268	H2B7	protein
CHOYP_DYH1.1.1.m.46156	-1.50908006226706	-0.0201718260434616	-0.302047466465321	-0.520369045049907	-0.703815387329638	-0.571944620776103	3.166267363271e-06	0.959468869499655	0.474630467530081	0.35780788005402	0.533125399399445	0.453427166636574	0.00108444657192032	0.979730945004616	0.997624329922123	0.940454783919857	0.796166999855847	0.915324501700265	DYH1	protein
CHOYP_DYH2.1.1.m.28905	-1.27944881470048	-1.01713776595383	0.299806031953721	0.632482443033464	-0.163247005966935	0.369161690170328	5.0560100884038e-05	0.0136291780190354	0.389612960654808	0.175527408505149	0.846244765868989	0.507617875897562	0.00966520998294866	0.971021389430923	0.997624329922123	0.940454783919857	0.896867083510058	0.915324501700265	DYH2	protein
CHOYP_DYHC.1.3.m.10664	-0.851422333424063	0.134764892735994	-0.0196118147666393	0.584785701002167	-0.479109100154942	-0.59579136273047	1.45249494115225e-09	0.39070079296506	0.900632804810176	0.000831774957397095	0.134365462517162	0.0132017401619429	1.98991806937858e-06	0.971021389430923	0.997624329922123	0.325580483324006	0.775084662365426	0.915324501700265	DYHC	protein
CHOYP_EF1A2.1.3.m.30022	-0.0892796169622514	-0.627191247637815	0.213037209663852	0.160517875669784	-0.726899000442678	-0.850056483370976	0.561627759453327	1.6530609979448e-05	0.137625344762882	0.289315129305548	0.000323666029232291	5.13496928984147e-06	0.972056752910786	0.135881614031062	0.997624329922123	0.940454783919857	0.0322527785420271	0.00281396317083313	EF1A	protein
CHOYP_FASN.3.4.m.60278	-1.83878550774614	-0.0335508558446618	-0.221335667206063	-0.309802059110249	-0.469350133692614	0.691089785057691	1.17316723686638e-06	0.908507748497067	0.470124340993914	0.313753111939199	0.520651588159385	0.17130277173415	0.000482171734352082	0.971021389430923	0.997624329922123	0.940454783919857	0.787246195528223	0.915324501700265	FAS	protein
CHOYP_FLNA.2.6.m.11845	0.123209173201143	0.187607467800111	-0.138108760088739	0.335363510284648	0.802740767926199	0.470624812292357	0.24449755838198	0.0683924533893988	0.20475834502522	0.00143521691441806	4.05645259373967e-13	1.58569045984933e-05	0.972056752910786	0.971021389430923	0.997624329922123	0.436943816167275	4.76343433150572e-10	0.00766727975291851	FLNA.2.6.m.11845	protein
CHOYP_FLNC.2.5.m.37450	0.164029507860915	0.178883275648463	-0.146559502817086	0.312861150796131	0.776277995537564	0.354947830950627	0.070223148252355	0.0434374250219617	0.114189096046372	0.000664351516803566	3.58472436423643e-16	0.000203537662572648	0.972056752910786	0.971021389430923	0.997624329922123	0.303387192673629	1.47332171370117e-12	0.0597528423695417	FLNA.2.5.m.37450	protein
CHOYP_FLNC.3.5.m.38669	0.164320403121684	0.176304228685691	-0.150697508695911	0.312739235652662	0.75585863995158	0.348341146585726	0.0705667494297581	0.0470772792439207	0.10561296611388	0.000702695404943017	2.97673775384306e-15	0.000287807750616073	0.972056752910786	0.971021389430923	0.997624329922123	0.304008222559558	6.11719608414749e-12	0.0763154745181974	FLNA.3.5.m.38669	protein
CHOYP_FLNC.5.5.m.40834	0.167984455371773	0.179640605627501	-0.146896191481959	0.312552541042944	0.765669895971584	0.348131834926948	0.0665583049368811	0.0447837608265308	0.117379037558303	0.000764437520117272	1.8198531485831e-15	0.000311383560055857	0.972056752910786	0.971021389430923	0.997624329922123	0.314183820768199	4.98639762711769e-12	0.0799866519893482	FLNC	protein
CHOYP_GBLP.3.7.m.20931	-0.0278750737032043	0.13305857078559	-0.0516406689592763	-0.154906826291915	-0.688916510950299	-1.05241865497529	0.82499249673495	0.27354190025082	0.660736554014385	0.229656373096017	0.000229061104653308	1.02854908540474e-07	0.972056752910786	0.971021389430923	0.997624329922123	0.940454783919857	0.0251050970700026	0.000105683418525337	GBLP	protein
CHOYP_GELS2.2.2.m.30443	-0.0489760152601457	0.167779949963957	-0.168603702515936	0.300406392770019	0.38472128727202	0.290551855473963	0.790279835153271	0.371203993432778	0.391930925270052	0.128670948640448	0.0474462111875179	0.127793012045241	0.972056752910786	0.971021389430923	0.997624329922123	0.940454783919857	0.72781311215511	0.915324501700265	GELS2	protein
CHOYP_GIGA2.1.1.m.44916	3.81585052078183	-0.210310048375282	-0.186570249045386	-1.05088376174869	-1.87374038877195	-0.893872715663465	0.000780827824968216	0.642878006742629	0.664917905466076	0.0453597198804571	0.0618044468512595	0.34498938729135	0.0867351989356586	0.971021389430923	0.997624329922123	0.940454783919857	0.775084662365426	0.915324501700265	GIGA2	protein
CHOYP_GIGA6.1.1.m.38687	2.28533580408305	0.143326906239417	-0.17449741674481	0.0981460153822757	-0.0694648596463177	0.361782159804731	3.80215013707696e-08	0.573858631841575	0.494305180224347	0.703350775189476	0.834859724967839	0.241198837667383	3.12536741267726e-05	0.971021389430923	0.997624329922123	0.940454783919857	0.896867083510058	0.915324501700265	GIGA6	protein
CHOYP_GRP78.2.5.m.33058	-0.0979928354684558	0.0278496888194812	0.282592464094426	0.443951979472274	0.824116168355141	-0.00934993308340104	0.55843844677833	0.87285723151997	0.0833657838471344	0.0107142159980829	2.04659883258155e-05	0.961819126240453	0.972056752910786	0.971021389430923	0.997624329922123	0.940454783919857	0.00385570630246655	0.974035674417688	BIP	protein
CHOYP_IDLC.1.1.m.63624	-0.387089537888446	-0.782672512316805	0.13160571098087	-0.087409637773801	-2.025743482217	-0.308910214942309	0.475344992052984	0.159783427932235	0.826943925031166	0.890692397301429	0.146620858878475	0.695283557650134	0.972056752910786	0.971021389430923	0.997624329922123	0.955256989009834	0.775084662365426	0.915324501700265	IDLC	protein
CHOYP_ISCW_ISCW008219.1.2.m.46822	-0.0614669594433419	0.331771995652528	0.228467250233459	0.0306461237479114	0.495493420893769	0.388527015037259	0.833236545988972	0.269947921103777	0.450829371735478	0.92564287920779	0.125497907292877	0.271457504115383	0.972056752910786	0.971021389430923	0.997624329922123	0.966894670166965	0.775084662365426	0.915324501700265	SODC	protein
CHOYP_ITB1B.1.1.m.59423	-0.884589197359263	0.728289406960574	4.09353767014735	0.912590362226199	1.29618461267036	0.276052285778847	0.611090211873347	0.576236691191092	0.000156624612652219	0.481088246119325	0.352897663456449	0.801877943299209	0.972056752910786	0.971021389430923	0.0858302877334162	0.940454783919857	0.775084662365426	0.918369483840077	ITB1.1.1.m.59423	protein
CHOYP_KARG.2.11.m.2196	-0.387827300645965	0.0192689135544342	-0.0102886173118772	0.0363257306484437	0.583624331172434	0.310485782842722	0.00171876827244004	0.879866303121604	0.934563097054637	0.781970082327383	6.29264420568294e-05	0.0180322814709124	0.163566254555527	0.971021389430923	0.997624329922123	0.940454783919857	0.00915433453528354	0.915324501700265	KARG	protein
CHOYP_KS6A1.1.1.m.38386	0.240941684724596	-0.304132070731804	-0.200376048570416	-0.390601170079577	-2.67344173828612	-1.76834183357961	0.422972009858739	0.356694080505178	0.525119199520137	0.232987816804013	0.000347273926178602	0.00329971893052344	0.972056752910786	0.971021389430923	0.997624329922123	0.940454783919857	0.0335834314492719	0.459723552693266	KS6A3	protein
CHOYP_LOC100175959.4.7.m.28172	0.288247399502954	0.0145935921172153	-0.0313998765216521	-0.221265384508591	0.51857703400681	0.0938489545580978	0.279827599448691	0.949501788427937	0.892546414849425	0.384442169135486	0.0442929932130734	0.752481947628005	0.972056752910786	0.972665121651702	0.997624329922123	0.940454783919857	0.712931342218074	0.918369483840077	RLA2	protein
CHOYP_LOC100366380.1.4.m.16838	0.145784451684256	0.317356306014467	0.110411488711747	0.208983365006424	1.06171935903334	0.487556390972559	0.622195380450481	0.316144728490359	0.727437071276284	0.535946644285029	0.00124922230079931	0.15347277042338	0.972056752910786	0.971021389430923	0.997624329922123	0.940454783919857	0.0834846122973197	0.915324501700265	GRN	protein
CHOYP_LOC100366728.1.1.m.57452	-0.260098332451469	0.0242156943517422	-0.0646019170730128	-0.0323682742158393	-0.770310799116544	-0.178016148091357	0.0288064040905011	0.849782845510198	0.619876054628046	0.817889753396771	0.000404088258697337	0.325377358044286	0.972056752910786	0.971021389430923	0.997624329922123	0.940454783919857	0.0365001895533074	0.915324501700265	TBB.1.1.m.57452	protein
CHOYP_LOC100367201.2.2.m.61573	-0.184149479218171	0.0278496888194821	-0.234933270606784	-0.409337732661163	-2.61070598293816	-2.30891021494231	0.732276973617683	0.961537252020574	0.690662914013961	0.499531693877794	0.045360473476892	0.093894679403021	0.972056752910786	0.979774596993348	0.997624329922123	0.940454783919857	0.712931342218074	0.915324501700265	PDCD5	protein
CHOYP_LOC100370139.3.4.m.58156	-0.522019117974554	-0.119707499594376	0.121552046316947	-0.186945311324715	-1.28877788805079	-0.893872715663465	0.394451486188612	0.846291329020587	0.833247264515825	0.792442906681318	0.138686851878027	0.275510920032548	0.972056752910786	0.971021389430923	0.997624329922123	0.940454783919857	0.775084662365426	0.915324501700265	DLRB2	protein
CHOYP_LOC100371236.1.1.m.62865	0.0540102579765938	-0.4076882625584	-0.0376465485323072	-0.565456934578445	-1.53670540149438	-0.930398591688579	0.855983362036065	0.151665828317208	0.880818421068347	0.0598488857264035	0.00310479721525536	0.0398228368566644	0.972056752910786	0.971021389430923	0.997624329922123	0.940454783919857	0.161528057654424	0.915324501700265	GLYC	protein
CHOYP_LOC100371909.1.1.m.30745	-0.960538050592562	-0.582498130321587	0.186647074538831	-0.62346253801401	-1.40425510547073	-1.70122763772107	0.000678481044096309	0.10172574358917	0.605215152955655	0.170830433430742	0.182617580672361	0.0220717809339184	0.0796730597495952	0.971021389430923	0.997624329922123	0.940454783919857	0.775084662365426	0.915324501700265	CFA57	protein
CHOYP_LOC100374422.1.2.m.26376	-1.4832266349775	-0.271710593039426	0.0060748288970105	0.0280675796461347	1.10353953472797	0.883734863000087	3.57464460714839e-08	0.412677984103325	0.985162345605847	0.94125196480244	0.129942689239778	0.08907640024408	3.12536741267726e-05	0.971021389430923	0.997624329922123	0.966894670166965	0.775084662365426	0.915324501700265	DYH10	protein
CHOYP_LOC100375405.1.1.m.48387	-0.221624184636834	-0.248990516539342	0.254002342340596	-0.534868614745022	-0.610705982938156	-0.0744449613052867	0.616516694526025	0.60252279044592	0.603350426019623	0.320519420696026	0.448500659460442	0.896957135663553	0.972056752910786	0.971021389430923	0.997624329922123	0.940454783919857	0.775084662365426	0.946969355392161	SDCB1	protein
CHOYP_LOC100376187.1.2.m.22540	0.1781465579887	0.0993835586518204	0.220199634249858	0.210982942652772	-0.394711332799859	-0.660895543685851	0.401938584623453	0.628607142882691	0.262658729361462	0.303255214216393	0.155772575557608	0.0157021758460029	0.972056752910786	0.971021389430923	0.997624329922123	0.940454783919857	0.775084662365426	0.915324501700265	YD541.1.2.m.22540	protein
CHOYP_LOC100376187.2.2.m.55240	0.225834792334387	0.112953257195898	0.15807792234206	0.221833197482446	-0.274972088525764	-0.578096847757698	0.289361813737402	0.589244728678814	0.428546306579671	0.287622868368638	0.328434416976691	0.0341073123757011	0.972056752910786	0.971021389430923	0.997624329922123	0.940454783919857	0.775084662365426	0.915324501700265	YD541.2.2.m.55240	protein
CHOYP_LOC100376500.1.1.m.36606	-0.0772342753016586	-0.00553647967506521	0.037101724517635	-0.135344114837503	-2.13677479460574	-2.11626513699991	0.784262249239126	0.984939345363728	0.901296429697018	0.663800466339768	0.000526838439312201	0.000804535911885986	0.972056752910786	0.992110096073765	0.997624329922123	0.940454783919857	0.0439502935135052	0.174033820939548	PRP19	protein
CHOYP_LOC100376827.1.1.m.60291	-0.22562611519433	0.017796024155559	1.40200350522815	0.212150644085106	0.158681088920428	-0.893872715663465	0.65034271499674	0.976423848680069	0.000176822938609672	0.713105689558447	0.83832272064989	0.585610567967979	0.972056752910786	0.986260101849581	0.0871031023971605	0.940454783919857	0.896867083510058	0.915324501700265	RPN2	protein
CHOYP_LOC100377364.1.2.m.4828	0.679311687834064	-0.400993609984392	0.0738194355328448	-0.1724457416296	-1.30372822951677	-0.0762494581520343	0.0127766708172848	0.0682935374081057	0.708781013658083	0.443561199197552	0.000529328352534916	0.773551898398521	0.660529774327555	0.971021389430923	0.997624329922123	0.940454783919857	0.0439502935135052	0.918369483840077	SPTCB	protein
CHOYP_LOC100377364.2.2.m.52803	0.708785543178093	-0.246988163628195	0.0862451775809934	-0.305163164306729	-1.60503723285146	-0.143486605734938	0.00365631628301303	0.189906738113518	0.611838864948084	0.118841362342661	5.7440517425266e-06	0.537065079184615	0.290384476964944	0.971021389430923	0.997624329922123	0.940454783919857	0.0013294825101226	0.915324501700265	SPTN5	protein
CHOYP_LOC100377856.2.2.m.43339	-0.255426892727572	0.18772102559787	-0.194223821588821	-0.316228328269681	-2.81929260474957	-1.04587580910852	0.310509499827955	0.457823959609188	0.499347993675778	0.331864653216749	0.000122484459387038	0.111407143645738	0.972056752910786	0.971021389430923	0.997624329922123	0.940454783919857	0.015027197853156	0.915324501700265	PMFBP	protein
CHOYP_LOC100378255.1.1.m.63185	-2.05451419880158	0.628753733409659	0.0060748288970105	2.06459345567125	1.88114711339152	0.106127284336535	0.000605882151599721	0.453118262507721	0.993280456879109	0.0180624762084351	0.12558450579033	0.935758114167742	0.0742099957840357	0.971021389430923	0.997624329922123	0.940454783919857	0.775084662365426	0.959931573500417	CFA61	protein
CHOYP_LOC100497129.3.8.m.32060	-1.12498740675003	-0.104600607204167	-0.249182226345064	-0.0401039229954439	-0.132658686133512	0.039013088477998	1.56736091574293e-10	0.71118179855757	0.477486307689599	0.907498932404957	0.776985852698943	0.93694604246523	2.57674134548137e-07	0.971021389430923	0.997624329922123	0.965019522363774	0.896867083510058	0.960910351723542	SSPO.3.8.m.32060	protein
CHOYP_LOC100497129.6.8.m.41866	-1.23319933489913	-0.22864187114754	-0.256959576936783	-0.46592126102753	-1.0961328101084	0.521164783615379	9.84413556027111e-11	0.487112158431615	0.555784498099412	0.317079387981934	0.153706204273878	0.454746737610585	2.02296985763571e-07	0.971021389430923	0.997624329922123	0.940454783919857	0.775084662365426	0.915324501700265	SSPO.6.8.m.41866	protein
CHOYP_LOC100497129.7.8.m.41875	-1.1905757483776	-0.074853263810116	-0.2876563741597	-0.0757278327261659	-0.173300670630858	0.29877236227893	8.05264618726496e-12	0.789915211135135	0.409180222730404	0.825400739787269	0.710250062928987	0.53179740009254	2.2064250553106e-08	0.971021389430923	0.997624329922123	0.940454783919857	0.896867083510058	0.915324501700265	SSPO.7.8.m.41875	protein
CHOYP_LOC100533294.1.3.m.35108	0.163505090841783	0.256708705657161	0.24311402619786	0.301941217841393	1.03694178599894	0.363658714492941	0.281729688604777	0.105082701049336	0.107468128143186	0.0540998259698748	9.72671987181157e-10	0.0180220741935795	0.972056752910786	0.971021389430923	0.997624329922123	0.940454783919857	5.71097409616365e-07	0.915324501700265	CALR.1.3.m.35108	protein
CHOYP_LOC100533294.2.3.m.36820	0.154939166827374	0.153522673345306	0.202472041700514	0.29746589099479	0.953582949518251	0.422600949131788	0.358342731830555	0.370226408233134	0.217769142847444	0.0799901156119963	7.03908231800656e-07	0.0124543154503003	0.972056752910786	0.971021389430923	0.997624329922123	0.940454783919857	0.000206647345192907	0.915324501700265	CALR.2.3.m.36820	protein
CHOYP_LOC100533447.2.3.m.44496	0.272001165581439	0.121412129810977	-0.198016775696494	0.140349293312463	0.370731566035417	0.225115320553622	0.0856308036378234	0.402461303409964	0.150774464541479	0.312338795530329	0.0138096079665056	0.131897981730284	0.972056752910786	0.971021389430923	0.997624329922123	0.940454783919857	0.391430956843711	0.915324501700265	IFEA.2.3.m.44496	protein
CHOYP_LOC100567114.1.1.m.39091	4.5077282254195	0.26362113995713	0.289867794897602	-0.0260090931096579	-0.629814805885861	0.691089785057692	8.37767930770527e-06	0.526481510341842	0.474451066484303	0.954311105181598	0.381284096527322	0.146770412028604	0.00237463875549439	0.971021389430923	0.997624329922123	0.97763376920913	0.775084662365426	0.915324501700265	ITIH4.1.1.m.39091	protein
CHOYP_LOC100633077.1.4.m.4444	-0.299626696638107	-0.146179710955567	0.135357845841977	0.170086584518563	0.144181519225312	-0.263106525329185	0.366184675453959	0.696035594449083	0.701128266066068	0.662236807638886	0.724589416260435	0.552940041039842	0.972056752910786	0.971021389430923	0.997624329922123	0.940454783919857	0.896867083510058	0.915324501700265	NXN	protein
CHOYP_LOC100636493.1.1.m.65727	0.454463075319309	-0.0867190876404642	0.0775253521587196	0.0714798412564885	-0.170941397756936	-0.162739566799413	0.000106648657228082	0.39089617515451	0.411974552977609	0.493226618206236	0.267015847914122	0.208739333662913	0.017890856375813	0.971021389430923	0.997624329922123	0.940454783919857	0.775084662365426	0.915324501700265	FAT4.1.1.m.65727	protein
CHOYP_LOC100699383.1.1.m.63490	0.0359763351463327	0.163504788177049	0.145799592563623	0.019505566142711	0.117847371411851	0.653615079639028	0.896440353861918	0.497651221652985	0.573835316647239	0.936361011662692	0.607212420369752	0.0449477937765981	0.972056752910786	0.971021389430923	0.997624329922123	0.966894670166965	0.862350742128432	0.915324501700265	TCTP	protein
CHOYP_LOC100876515.1.2.m.37063	0.277161872637349	-0.0854917842564635	-0.22712434739602	-0.380909324334645	-1.73356273072369	-2.2723843389172	0.282730168440936	0.727551662331017	0.381672914873424	0.18161667546836	0.00318926284252907	0.000242579759129711	0.972056752910786	0.971021389430923	0.997624329922123	0.940454783919857	0.164878871481692	0.0664668540015408	SYNE1.1.2.m.37063	protein
CHOYP_LOC100876515.2.2.m.54514	0.313956482022817	-0.112511998190172	-0.229553419596131	-0.455560749421809	-1.87374038877195	-2.11626513699991	0.213042896027802	0.637503927845811	0.356248129120153	0.0981120619950388	0.00121482930839778	0.000241427928754908	0.972056752910786	0.971021389430923	0.997624329922123	0.940454783919857	0.083187655569175	0.0664668540015408	SYNE1.2.2.m.54514	protein
CHOYP_LOC100893889.2.2.m.64935	-0.123776861238689	0.171341282409014	-0.0256340308303269	0.0127545241516316	0.475154753715682	0.285833306571432	0.621786115793913	0.546424429134461	0.932451127904759	0.966373400293529	0.147493414040322	0.362070118419505	0.972056752910786	0.971021389430923	0.997624329922123	0.984279674956717	0.775084662365426	0.915324501700265	MLRA	protein
CHOYP_LOC100901947.1.1.m.7834	-0.884589197359263	0.143326906239418	3.32800292378437	2.32762786150504	1.29618461267036	0.106127284336535	0.611090211873347	0.943972485749718	0.000119242102344036	0.108545841866197	0.511254141039579	0.935758114167742	0.972056752910786	0.971021389430923	0.0816808401056648	0.940454783919857	0.775084662365426	0.959931573500417	CMC	protein
CHOYP_LOC101072646.1.1.m.8800	0.115410802640737	-0.499121089142499	-0.0199203796359342	-0.42621155122556	-0.363739945732015	0.00519837548575364	0.707370732800502	0.0821176206115067	0.942003539116642	0.0933050036456482	0.270459679110563	0.989170813977771	0.972056752910786	0.971021389430923	0.997624329922123	0.940454783919857	0.775084662365426	0.990255034818814	ATPD	protein
CHOYP_LOC101173335.2.4.m.33982	2.05031577441885	0.259840914965843	-0.0736523635737232	-0.171177995466398	-0.854757285404377	-1.18017690082011	1.44252805815397e-08	0.178247736521303	0.627029871879624	0.285471799201692	0.00153005904287903	1.79331656283833e-06	1.48219757975321e-05	0.971021389430923	0.997624329922123	0.940454783919857	0.0952809494883759	0.00122842184554426	CO6A3	protein
CHOYP_LOC373275.6.7.m.57854	-0.265767892622069	0.0262186032405536	-0.0836279740512218	-0.0433947829104895	-0.819292604749573	-0.337765077614494	0.0177732841802638	0.828627016249737	0.497499412874531	0.744302101726717	5.74953174313603e-05	0.0555444686984445	0.820766269448139	0.971021389430923	0.997624329922123	0.940454783919857	0.00880532958866895	0.915324501700265	TBB.6.7.m.57854	protein
CHOYP_LOC551931.1.1.m.9934	0.0829893249483602	-0.0631239712280083	-0.067925752546766	-0.123033547504522	-3.37624072930113	-0.941178430441822	0.786074054592305	0.841443476093307	0.835309620272444	0.722497290706806	5.33368195986167e-05	0.0678382443367325	0.972056752910786	0.971021389430923	0.997624329922123	0.940454783919857	0.00843132032885826	0.915324501700265	PCY2	protein
CHOYP_LOC575203.6.6.m.30705	0.0181136012858225	0.0838258944907562	-0.0278725030263276	-0.0443409158819152	-0.395693091967305	-0.165546039771131	0.93326290887699	0.685633553547933	0.899740795851203	0.848968646731523	0.220046877062555	0.574981252442661	0.972056752910786	0.971021389430923	0.997624329922123	0.940454783919857	0.775084662365426	0.915324501700265	CATL	protein
CHOYP_LOC576511.1.1.m.53180	0.147832280333114	-0.0844790112833937	0.109168321861114	-0.200751110849746	-1.77420471522104	-0.485787977026389	0.493925926792134	0.707582487318361	0.623866707900216	0.440134238158334	9.09478783129885e-05	0.176585972351172	0.972056752910786	0.971021389430923	0.997624329922123	0.940454783919857	0.0122555993398814	0.915324501700265	CP135	protein
CHOYP_LOC657674.1.1.m.21821	-0.884589197359263	0.728289406960574	4.17599983033932	-0.257334639216113	2.88114711339152	-0.630838309829671	0.611090211873347	0.576236691191092	9.25204854714659e-05	0.844878710300824	0.0421934346677768	0.598321353154219	0.972056752910786	0.971021389430923	0.0816808401056648	0.940454783919857	0.687413886811249	0.915324501700265	ITB1.1.1.m.21821	protein
CHOYP_LOC658201.1.1.m.42880	0.02614346454365	0.189869492176448	-0.0580555085227044	0.0608413208101419	0.493221459729916	0.226421518054247	0.928911628577984	0.463319547976399	0.81513614153192	0.80303595915981	0.060302920853879	0.397415533049335	0.972056752910786	0.971021389430923	0.997624329922123	0.940454783919857	0.775084662365426	0.915324501700265	IFEA.1.1.m.42880	protein
CHOYP_LOC659512.1.4.m.6122	0.317044663810388	0.0751554035978392	0.317276517191314	0.411692126293517	0.459683344953242	0.0433915289885718	0.308329662865152	0.769089479707309	0.228089598779004	0.146299737411801	0.175109479738781	0.897561365336897	0.972056752910786	0.971021389430923	0.997624329922123	0.940454783919857	0.775084662365426	0.946969355392161	FKB14	protein
CHOYP_LOC660560.1.4.m.31036	-0.191770706877438	-0.166357592893197	0.0591861653565733	-0.16111932395681	-1.52399434974483	-0.363357998964685	0.447213698732622	0.469380001459178	0.793359659653291	0.501239441682713	3.42894549744057e-05	0.289971250318559	0.972056752910786	0.971021389430923	0.997624329922123	0.940454783919857	0.00612737651933945	0.915324501700265	RL3	protein
CHOYP_LOC662543.1.1.m.39811	0.793482707753375	-0.856673093760582	-0.29877975263141	-0.300403361107999	2.03315020683657	-0.308910214942309	0.328570084066386	0.164033712703877	0.524801945565352	0.589803640972553	0.000287611877529447	0.543948015430373	0.972056752910786	0.971021389430923	0.997624329922123	0.940454783919857	0.0299261978897729	0.915324501700265	ITIH4.1.1.m.39811	protein
CHOYP_LOC752782.1.1.m.53937	0.108142802176699	0.236913313459146	-0.128625530031481	0.205407541531549	0.388978708342222	-0.183798294685378	0.194592300451756	0.00480495263036373	0.125175420725279	0.0199692514347603	0.000130519545729852	0.068797853522624	0.972056752910786	0.971021389430923	0.997624329922123	0.940454783919857	0.0157775097926379	0.915324501700265	ACT.1.1.m.53937	protein
CHOYP_LOC754102.1.1.m.57578	-0.604172713297233	-0.00691572934119478	-0.263315071976607	-0.087409637773801	-0.0796822893278035	-0.250493528716987	1.67630370485273e-05	0.964460756578679	0.096599472159836	0.638596086563493	0.760894908336052	0.262857687883187	0.00417552013754226	0.982387536440736	0.997624329922123	0.940454783919857	0.896867083510058	0.915324501700265	TBA	protein
CHOYP_MBCDH18.1.1.m.34344	-0.121109084679741	0.129042680233171	-0.022565219146891	0.24329050556374	0.099383905236655	-0.654202302895182	0.204197555014382	0.202692395296335	0.823999642754685	0.0359535304584561	0.642753449163999	0.000123166947047871	0.972056752910786	0.971021389430923	0.997624329922123	0.940454783919857	0.877682521882862	0.0421846793638957	FAT4.1.1.m.34344	protein
CHOYP_MLE.1.9.m.15462	-0.188742590518649	0.125404998242155	0.139341359760475	-0.0646895612737168	0.243717192776227	0.219784066132102	0.335136338629139	0.581065688404612	0.582048247487711	0.786879049600462	0.3070382376482	0.440564513067577	0.972056752910786	0.971021389430923	0.997624329922123	0.940454783919857	0.775084662365426	0.915324501700265	MLE	protein
CHOYP_MYO15.1.1.m.66281	0.736899179387008	-0.719169570010647	1.7065145470381	-0.350444043607595	-0.703815387329638	-1.11626513699991	0.14721005827912	0.179644600440244	0.000146920511916124	0.669267926891937	0.533125399399445	0.322516079707772	0.972056752910786	0.971021389430923	0.0858302877334162	0.940454783919857	0.796166999855847	0.915324501700265	MYO15	protein
CHOYP_MYS.7.7.m.44342	-0.209684571325308	0.272743314617227	0.213516908767487	0.254626030562136	0.618112707557724	0.0269570709029274	0.0381379088520577	0.0159989233854924	0.0639746463585786	0.0312276301377365	4.82983166756819e-07	0.837844689870507	0.972056752910786	0.971021389430923	0.997624329922123	0.940454783919857	0.00016542173461421	0.918369483840077	MYS	protein
CHOYP_MYSP.5.9.m.28124	0.0730171047597103	0.151334484840783	0.0439714366555393	0.293825153414305	0.443842235839449	0.16434189828183	0.417710205351835	0.0837548124613994	0.618002332236847	0.00173147289238501	0.000223327877153268	0.131654259090304	0.972056752910786	0.971021389430923	0.997624329922123	0.474423572513492	0.0251050970700026	0.915324501700265	MYSP.5.9.m.28124	protein
CHOYP_MYSP.8.9.m.44813	0.125606569746626	0.209030153290247	-0.166475641952125	0.338475243742036	0.911704580367489	0.738395499836049	0.299616428274293	0.0828594705218633	0.188758585279848	0.00661957359345494	3.95017608798951e-10	1.04273949525968e-08	0.972056752910786	0.971021389430923	0.997624329922123	0.940454783919857	2.8895076884669e-07	2.0846735883964e-05	MYSP.8.9.m.44813	protein
CHOYP_NEMVEDRAFT_V1G242065.1.1.m.21817	0.105662826089175	0.240514824933909	-0.165446957479631	0.260753017789881	0.542978377496945	0.27425004314486	0.372207423248047	0.0418100297701192	0.146827959931037	0.0318947762097878	0.000152247036902579	0.0414520369920325	0.972056752910786	0.971021389430923	0.997624329922123	0.940454783919857	0.0175439669799206	0.915324501700265	ACT.1.1.m.21817	protein
CHOYP_NEMVEDRAFT_V1G242153.2.4.m.15572	-1.46955169808042	-0.795272549096439	-0.86839428901913	-0.894764559831406	-0.288777888050794	-1.11626513699991	0.000569643753405535	0.116936835174223	0.228572465646626	0.196505669505188	0.806016838712095	0.322516079707772	0.0709465401968712	0.971021389430923	0.997624329922123	0.940454783919857	0.896867083510058	0.915324501700265	Y531	protein
CHOYP_OST48.1.1.m.43513	-0.469551698080419	-0.119707499594376	2.49150165606725	-0.257334639216114	0.881147113391519	-1.30891021494231	0.612538697975824	0.890974541513627	5.91502559044611e-05	0.782007378002136	0.416685436041562	0.401122562785746	0.972056752910786	0.971021389430923	0.0694593005049528	0.940454783919857	0.775084662365426	0.915324501700265	OST48	protein
CHOYP_PAN2.1.1.m.44690	0.115410802640737	-0.519638106483011	-0.0813880123533286	-0.479727060552561	-2.40425510547073	-0.274144796781632	0.707370732800502	0.0888675217593671	0.778999025771238	0.131609585263485	0.000321647229637704	0.478114082601685	0.972056752910786	0.971021389430923	0.997624329922123	0.940454783919857	0.0322527785420271	0.915324501700265	PAN2	protein
CHOYP_PAN2.1.1.m.44693	0.182524998499274	0.0120823729611654	-0.0544667130380398	0.415090702755382	1.16842906547199	0.594228245805103	0.472163489337492	0.961657110528265	0.821383292328272	0.0972573963882125	9.84325697820209e-06	0.011357580048191	0.972056752910786	0.979774596993348	0.997624329922123	0.940454783919857	0.00207465570155952	0.915324501700265	ACT.1.1.m.44693	protein
CHOYP_PCCA.2.2.m.45684	-0.158764160798257	-0.0119513192384924	-0.380948294212237	0.0993588738319255	-2.25840423900727	-1.98698212005495	0.593154602160596	0.968177189212398	0.213064756098878	0.764652920633381	0.000892119579977835	0.00196012284224664	0.972056752910786	0.982643184509259	0.997624329922123	0.940454783919857	0.0654752048876589	0.32882060741362	PCCA	protein
CHOYP_PDIA1.1.1.m.5297	0.0635718711211188	0.0272298413165473	0.0668288599761073	-0.0825602381124053	0.34349032744872	0.203643790250798	0.687009933662342	0.855374530326758	0.651410114066061	0.597372861010485	0.061415052093967	0.275304686653822	0.972056752910786	0.971021389430923	0.997624329922123	0.940454783919857	0.775084662365426	0.915324501700265	PDIA1	protein
CHOYP_PHUM_PHUM226120.5.7.m.43551	-0.292247166272509	-0.0207924735216887	-0.232084908297754	-0.39616234391343	-1.44528237373078	0.0970821447335277	0.129120881349109	0.923931109708428	0.295244185489559	0.0772438952955636	9.72617842968518e-05	0.70380752207204	0.972056752910786	0.971021389430923	0.997624329922123	0.940454783919857	0.0126903470939702	0.915324501700265	UNC22.5.7.m.43551	protein
CHOYP_PHUM_PHUM500930.1.1.m.21562	-0.213896822612222	0.806291918961847	-0.459588743451802	0.35564223767464	1.12625961122805	-0.196435485683897	0.489143844219784	0.0298723510206472	0.11426944210148	0.209718799592093	0.000980203548767013	0.623378442200781	0.972056752910786	0.971021389430923	0.997624329922123	0.940454783919857	0.0694592514729728	0.915324501700265	LAMC1	protein
CHOYP_PLOD3.1.1.m.41788	3.81585052078183	0.406361312073212	0.643504749512302	-1.25733463921611	0.296184612670363	-0.893872715663465	0.000780827824968216	0.640707276231189	0.292467668541846	0.270674289597757	0.771161270697085	0.440676943716391	0.0867351989356586	0.971021389430923	0.997624329922123	0.940454783919857	0.896867083510058	0.915324501700265	PLOD3	protein
CHOYP_PSMD2.3.3.m.59658	-0.127860348371627	0.0402334132753142	-0.128854751189098	-0.0961798474015323	-1.63455272489252	-0.091318779869682	0.647664565556557	0.882725988321293	0.644298115345799	0.746511215789817	0.0014851708698971	0.801217953686412	0.972056752910786	0.971021389430923	0.997624329922123	0.940454783919857	0.0936854845518068	0.918369483840077	PSMD2	protein
CHOYP_RCC1.1.1.m.15249	0.384597435456127	0.175035765966756	0.103372030251926	-0.388579172494366	-2.73356273072369	-0.996966208627569	0.216975067684715	0.562507468586942	0.735418172009932	0.259618133506997	0.000228894898996967	0.0646672989049752	0.972056752910786	0.971021389430923	0.997624329922123	0.940454783919857	0.0251050970700026	0.915324501700265	RCC1	protein
CHOYP_RN45S.2.5.m.14111	-0.0910400748266884	0.0230326725217056	0.117106141285754	-0.318735183880257	0.474521853928874	0.498444707115295	0.813759466953013	0.955929062878627	0.769854195465134	0.406850153189751	0.083252750302317	0.245161401292269	0.972056752910786	0.977938630598919	0.997624329922123	0.940454783919857	0.775084662365426	0.915324501700265	HEXP	protein
CHOYP_ROAA.3.6.m.39522	0.0223013982492564	0.0420435704022362	-0.0190161520658201	-0.0955835692195013	0.275122997142534	0.176516612227933	0.931429348001218	0.876406523940159	0.943644022183364	0.739315650125685	0.361868510428778	0.57843892457118	0.972056752910786	0.971021389430923	0.997624329922123	0.940454783919857	0.775084662365426	0.915324501700265	ROAA	protein
CHOYP_RS3A.4.15.m.15367	0.0292541588910229	-0.382134582733077	-0.147730507182025	-0.387395179780486	-0.307886710998498	0.262246486253817	0.90658421810341	0.0972406791206887	0.505934175613091	0.122056634180325	0.353568923653655	0.319895949471485	0.972056752910786	0.971021389430923	0.997624329922123	0.940454783919857	0.775084662365426	0.915324501700265	RS3A	protein
CHOYP_RS9.9.13.m.44486	4.97339179776831	0.0177960241555581	0.0456031930836476	-0.39673769588153	-1.16324700596693	0.106127284336535	9.5200915204311e-08	0.959172693548358	0.892571533801071	0.296317097637687	0.0619550175259634	0.83111223137309	6.5212626914953e-05	0.979730945004616	0.997624329922123	0.940454783919857	0.775084662365426	0.918369483840077	ELDP2	protein
CHOYP_S4A10.3.4.m.28397	0.115410802640737	1.72828940696057	2.77160957525999	2.13498278356265	-1.28877788805079	0.954124190891485	0.954878555779928	0.271057249702734	3.20435297669384e-06	0.0435037980684218	0.392638613775005	0.266037115616751	0.972056752910786	0.971021389430923	0.00526795629368467	0.940454783919857	0.775084662365426	0.915324501700265	S4A8	protein
CHOYP_SACS.4.17.m.32398	0.115410802640737	0.143326906239418	-0.99392517110299	1.9125903622262	3.29618461267036	2.69108978505769	0.954878555779928	0.943972485749718	0.566164979377365	0.217184998644807	0.000369438833447912	0.0547262225287744	0.972056752910786	0.971021389430923	0.997624329922123	0.940454783919857	0.0345089455788845	0.915324501700265	SACS	protein
CHOYP_SCP.8.12.m.57173	0.208520207032219	0.0322955938506739	-0.283431788297975	0.508200107146863	1.3836474539207	1.0944454792889	0.687288975435342	0.935709524502416	0.448218517662812	0.15742724602349	5.2137876800288e-05	0.00109431460519554	0.972056752910786	0.971021389430923	0.997624329922123	0.940454783919857	0.00840339896663466	0.219396733041642	SCP	protein
CHOYP_SMP_045300.1.1.m.927	-0.0651614430010836	-0.342099920930824	-0.17449741674481	-0.050883761748687	-2.51117030938724	-1.30891021494231	0.898528818737829	0.565909920022072	0.732600794248816	0.933167067758397	0.0571512884888665	0.235062392540099	0.972056752910786	0.971021389430923	0.997624329922123	0.966894670166965	0.775084662365426	0.915324501700265	ZASP	protein
CHOYP_SPTCA.1.2.m.1905	0.110057568146531	0.104594511750703	0.0204778940239834	0.0753855124220344	-0.554511443485543	-0.00867719115426624	0.375188073745819	0.375490349558505	0.861698246562723	0.545100394658147	0.00122659408692205	0.951463515647491	0.972056752910786	0.971021389430923	0.997624329922123	0.940454783919857	0.083187655569175	0.971797974480912	SPTCA.1.2.m.1905	protein
CHOYP_SPTCA.2.2.m.25615	0.115410802640737	0.133545885446832	0.0495764675335968	0.0793904575993301	-0.536420986502646	-0.00533314615200986	0.352842286638471	0.260136583575162	0.674244505471697	0.525057031164807	0.00179862014238306	0.970080002710652	0.972056752910786	0.971021389430923	0.997624329922123	0.940454783919857	0.107252191404054	0.978532043475465	SPTCA.2.2.m.25615	protein
CHOYP_SSPO.12.14.m.53188	-1.90695701038772	-0.856673093760582	-0.372436794356719	-0.388579172494366	0.881147113391519	1.27605228577885	3.58788495288065e-07	0.193003750286628	0.538239005799175	0.425424587641399	0.25070861144224	0.0830008263185907	0.000196616095417859	0.971021389430923	0.997624329922123	0.940454783919857	0.775084662365426	0.915324501700265	ZAN	protein
CHOYP_SYRC.1.2.m.36309	-0.00488343107697453	-0.170781684188645	0.00607482889701139	-0.19593409455197	-3.22737734338665	-3.0093499330834	0.986778218783347	0.591638617444446	0.984973280644875	0.554820522180794	0.000153669783765728	3.34678237190025e-05	0.991419366033982	0.971021389430923	0.997624329922123	0.940454783919857	0.0175439669799206	0.01375527554851	SYRC	protein
CHOYP_TBA1.2.9.m.9962	-0.273631488105162	-0.239289115347049	-0.19555903227264	0.212150644085106	0.267615460473592	0.0630585624446489	0.10814986345132	0.146392259177616	0.240131332274703	0.269765706969892	0.281672431218952	0.781885730767609	0.972056752910786	0.971021389430923	0.997624329922123	0.940454783919857	0.775084662365426	0.918369483840077	TBA3.2.9.m.9962	protein
CHOYP_TBA1.7.9.m.44107	-0.365369659673139	-0.0482281111744367	0.240295537226067	-0.0170203098824029	-0.126270358170964	-0.124947380099714	0.000618206355920495	0.656470709863376	0.0349835793182764	0.888443242274234	0.461273949955009	0.409078345438995	0.0742099957840357	0.971021389430923	0.997624329922123	0.954017433245487	0.775084662365426	0.915324501700265	TBA1	protein
CHOYP_TBA2.1.1.m.955	-0.502827852954717	-0.0979435253027194	-0.119456053186848	0.0419838839424571	-0.173300670630858	-0.327172421335037	4.65994965855928e-08	0.303033649955397	0.226605092840799	0.705475316017172	0.292790325274051	0.019614142929517	3.48225329030521e-05	0.971021389430923	0.997624329922123	0.940454783919857	0.775084662365426	0.915324501700265	TBA1A	protein
CHOYP_TBA3.1.1.m.5111	-0.572121431720967	0.0157768565189071	0.271535972125345	-0.0202954419152634	0.0591454153695139	-0.495788349665819	0.00223163020919822	0.931272303846873	0.165651801389673	0.921293909116334	0.855704837545883	0.048323690999406	0.201582421094608	0.971021389430923	0.997624329922123	0.966894670166965	0.896867083510058	0.915324501700265	TBA3.1.1.m.5111	protein
CHOYP_TBB2.2.2.m.53001	-0.233043586756812	0.0272298413165473	-0.0258092321227759	0.0156838551903018	-0.861356664316117	-0.146853456833336	0.0915534304835749	0.855374530326758	0.86476531060378	0.92232965090885	0.000620091590908044	0.46543453264442	0.972056752910786	0.971021389430923	0.997624329922123	0.966894670166965	0.0494869211384866	0.915324501700265	TBB4	protein
CHOYP_TBB4.1.1.m.40048	-0.125597296863058	-0.0540313253260072	0.0210251703629822	-0.215514463521486	-1.55467194802383	-0.56189095611218	0.380359283924261	0.704951368015928	0.886068268399862	0.1727108284851	2.01740971494949e-08	0.0107781898386197	0.972056752910786	0.971021389430923	0.997624329922123	0.940454783919857	9.75476932757928e-06	0.915324501700265	TBB.1.1.m.40048	protein
CHOYP_TBB4B.1.7.m.12262	-0.108468933302582	0.128680130275017	-0.0332514913090591	0.167345290295426	-0.692500074101803	-0.523309845525228	0.192715841509446	0.124116574473066	0.692227854081741	0.0844491805936944	9.07896197098884e-07	3.95392534437421e-05	0.972056752910786	0.971021389430923	0.997624329922123	0.940454783919857	0.000252337109527422	0.0154767934908362	TBB.1.7.m.12262	protein
CHOYP_TBB4B.7.7.m.63980	-0.214873844602252	0.0604338978910732	-0.0303539580577148	0.0747630879443264	-0.590687016872598	-0.443144790826373	0.0026797708957087	0.410921885595676	0.682232900455809	0.381263188627947	9.20938355939497e-07	6.94514182172867e-05	0.229455382945057	0.971021389430923	0.997624329922123	0.940454783919857	0.000252337109527422	0.0248213329454825	TBB.7.7.m.63980	protein
CHOYP_TITIN.19.19.m.66288	-0.218326594536258	-0.150404296817293	-0.274033090295725	-0.488660185322569	-1.49231128213593	-0.0543373878567106	0.333667210213798	0.542097602311676	0.291666960126685	0.0651834915958337	0.000801359210936144	0.861963613565852	0.972056752910786	0.971021389430923	0.997624329922123	0.940454783919857	0.0604327771916982	0.919219110471108	UNC22.19.19.m.66288	protein
CHOYP_TITIN.8.19.m.35861	-0.306415862300745	-0.0265980952028935	-0.176403222888387	-0.308215808218297	-1.48342531890434	-0.201995011025797	0.0971834765088813	0.899817518247411	0.399845082594406	0.178102863229661	0.000100981386413987	0.463896690782402	0.972056752910786	0.971021389430923	0.997624329922123	0.940454783919857	0.0128281616811246	0.915324501700265	TITIN.8.19.m.35861	protein
CHOYP_TLN1.4.4.m.33719	0.174038532611446	0.163135387319598	0.110097893440239	0.00569976661768123	-0.825121683551771	-0.736081469857008	0.203635008862208	0.236554891730135	0.421130217224263	0.968807418335084	7.78424490381979e-05	0.000149760989452713	0.972056752910786	0.971021389430923	0.997624329922123	0.986448281768165	0.0106644155182331	0.0473475128192808	TLN1	protein
CHOYP_TPP2.1.1.m.24017	0.173126300497025	-0.129691588166998	-0.123985711667363	-0.582174329523379	-2.22737734338665	-0.348438579128946	0.548252545937823	0.64482541504785	0.650903858008787	0.0593119502902358	6.34789621059807e-05	0.399430031995425	0.972056752910786	0.971021389430923	0.997624329922123	0.940454783919857	0.00915433453528354	0.915324501700265	TPP2	protein
CHOYP_TYRO.1.1.m.38876	2.4373388975281	0.416345400645834	0.0491435507888962	-0.409337732661164	-1.40425510547073	-2.47883521638462	2.1997538155771e-05	0.293926089731925	0.889115804321775	0.302303452828137	0.0594472282340475	0.0660441389194775	0.00531822834236582	0.971021389430923	0.997624329922123	0.940454783919857	0.775084662365426	0.915324501700265	TYRO	protein
CHOYP_U5S1.1.1.m.49230	0.00351792256984051	-0.107216555411179	-0.274033090295725	-0.171177995466399	-2.13677479460574	-0.272384338917195	0.988956712338113	0.676391509685141	0.291666960126685	0.53767085032453	0.000526838439312201	0.491681750518161	0.992458085144585	0.971021389430923	0.997624329922123	0.940454783919857	0.0439502935135052	0.915324501700265	U5S1	protein
CHOYP_VIGLN.1.2.m.34766	0.1528855080594	-0.0694794662678317	-0.0922272447147936	-0.0874096377738018	-0.857620723408672	-0.00078791957997737	0.351914194211788	0.664330352595387	0.565548333343984	0.586190651880176	0.000560510328437212	0.99697337638616	0.972056752910786	0.971021389430923	0.997624329922123	0.940454783919857	0.0460739489975388	0.997216008018282	VIGLN	protein
CHOYP_ZFR.1.1.m.57469	0.466883173142114	0.0308521769810053	-0.181552174278761	-1.43136403899116	-4.0961328101084	-1.2019950110258	0.189944707016225	0.925289434120358	0.581345014167499	0.00106075263186427	0.000118739428853718	0.044017187366529	0.972056752910786	0.971021389430923	0.997624329922123	0.363307776413514	0.014788456139054	0.915324501700265	ZFR	protein
